West_Steppe_Hearder:Latvia_LN_CordedWare,0.132035,0.089367,0.056191,0.132431,-0.008001,0.053268,-0.003995,0.015922,-0.037428,-0.071801,-0.013153,0.002847,0.002825,-0.022845,0.034066,-0.004508,-0.011343,0.002027,0.003268,0.01038,-0.009982,-0.003586,0.011462,0.028076,-0.004071
West_Steppe_Hearder:Russia_Samara_EBA_Yamnaya,0.1258378,0.0892539,0.0429079,0.1154556,-0.0278684,0.0446846,0.0044911,-0.0029487,-0.0548579,-0.0729957,0.0018583,0.0003497,-0.0016518,-0.0236099,0.0372629,0.015734,1.00E-07,-0.001478,-0.001704,0.0125059,-0.0031197,0.001374,0.0112292,0.0184362,-0.0045237
West_Europe_HG:Italy_North_Villabruna_HG,0.121791,0.11577,0.18592,0.185726,0.156029,0.060798,0.017626,0.041537,0.093467,0.017859,-0.015752,-0.015886,0.020961,-0.005092,0.05361,0.064041,0.007562,0.004181,-0.00905,0.053401,0.099949,0.012489,-0.044123,-0.169904,0.018801
East_Europe_HG:Russia_Karelia_HG,0.1257745,0.03402,0.1318035,0.212535,-0.0066165,0.056196,-0.019741,-0.0212295,-0.001125,-0.088293,0.016807,-0.020157,0.035158,-0.0330985,0.0170325,0.0286395,-0.0204705,0.001837,-0.0064105,0.009817,-0.008797,0.0129215,0.0082575,-0.023859,-0.007185
Tarim_EMBA:China_Xinjiang_Xiaohe_BA,0.1020615,-0.0996908,0.0733498,0.2022528,-0.114842,0.047737,-0.0487645,-0.0587282,-0.0412457,-0.094125,0.028851,-0.0132382,0.0244797,-0.0697518,0.0269178,0.0212365,-0.0167108,-0.0001268,0.0020322,-0.008504,-0.0516173,0.008429,0.024136,0.0168095,-0.0078433
Anatolia_N:Turkey_N,0.1179017,0.1800873,0.0034255,-0.1010589,0.0512402,-0.0479692,-0.0037992,-0.006846,0.0361667,0.0806776,0.0082614,0.0113088,-0.0241636,0.0005791,-0.0427122,-0.0103696,0.0225564,0.0013883,0.0136487,-0.0104478,-0.0142612,0.0056932,-0.0049042,-0.0037505,-0.0044357
Caucasus_HG:Georgia_Kotias.SG,0.08992,0.103584,-0.088246,-0.004845,-0.089555,0.020359,0.023266,-0.001154,-0.130486,-0.080002,-0.007632,0.024878,-0.052626,0.007707,0.026465,-0.0297,0.027772,-0.010769,-0.023757,0.037518,0.030945,-0.006677,0.0053,-0.020846,0.001557
Iran_N:Iran_GanjDareh_N,0.0430252,0.0674312,-0.153488,0.0055556,-0.1239616,0.0243752,0.015464,0.000277,-0.081605,-0.05427,-0.0032476,-0.0016186,0.0053816,-0.0078446,0.0319486,0.056775,-0.0058154,0.007576,0.014405,-0.0327406,0.0076614,-0.0300476,-0.0109198,-0.0387768,0.0229438
Levant_HG:Israel_Natufian,0.020488,0.131003,-0.039221,-0.141475,0.027082,-0.0753,-0.017861,-0.025845,0.102671,-0.004556,0.030042,-0.020682,0.069573,-0.000963,0.020222,0.028772,-0.012647,0.008868,-0.021117,0.04252,-0.004243,-0.002597,-0.011955,-0.006386,0.011735
North_African_HG:Morocco_Iberomaurusian,-0.189857,0.0812424,-0.0233816,-0.085918,0.026897,-0.0562244,-0.0688578,0.0189222,0.1556838,0.0023324,0.0228318,-0.0328806,0.0757278,-0.0494342,0.0694074,-0.035799,0.007719,-0.0649408,-0.1416618,0.0393438,-0.037908,-0.1254826,0.0707936,-0.0144358,0.0191596
Indus_Valley_Periphery:Iran_ShahrISokhta_BA2,0.044391,-0.0343248,-0.1681958,0.0955436,-0.1037116,0.0572842,0.006721,0.0047538,0.006013,0.0055398,-0.004969,0.0054252,-0.0026164,-0.0018166,0.0073562,0.0101828,-0.0039374,0.0036738,0.0002764,-0.0128312,0.0030696,-0.0138738,-0.0007396,-0.0102904,0.001341
Aincent_South_Indian_(Proxy):Paniya,0.005193,-0.17537,-0.188678,0.141959,-0.04674,0.05271,-0.006918,0.017177,0.091422,0.058543,0.005257,0.00029,-0.003884,0.015285,-0.024218,-0.02994,0.012582,-0.00023,-0.003307,0.03082,0.007214,0.014274,-0.010276,0.007494,-0.007918
Paleo_Amerindian:USA_Anzick,0.048944,-0.294504,0.115022,0.094316,-0.100634,-0.011992,-0.259217,-0.314525,-0.008795,-0.025149,0.00406,-3e-04,0.001338,0.007982,-0.011672,0.009812,0.006519,-0.00152,-0.001006,0.005253,-0.000873,0.002226,-0.006655,0.004699,0.002754
Ancient_Beringian:USA_Ancient_Beringian.SG,0.0415455,-0.304659,0.086549,0.0828495,-0.087555,-0.0198015,-0.1226755,-0.1524165,-0.0188165,-0.019408,0.005521,-0.008393,0.0080275,-0.011285,-0.010654,0.0023865,0.000326,0.0107685,0.0022,0.0143195,-0.006239,0.0058115,0.0104145,0.004097,-0.0011975
Ancient_Paleo-Siberian:Russia_Kolyma_M.SG,0.042115,-0.33614,0.09164,0.044251,-0.080015,-0.022311,-0.047707,-0.049844,-0.007363,-0.021686,0.00747,-0.007044,0.015907,-0.024497,-0.019815,-0.002784,0.00352,0.010388,0.015587,0.010005,0.003244,-0.021887,0.014543,0.008676,0.009819
NEA_Amur_N:China_AmurRiver_N,0.0221955,-0.4529261,0.0799967,-0.0509936,-0.0518172,-0.048806,0.0096061,0.0111054,0.0065192,0.0164468,-0.0430328,0.0003559,-0.002267,0.0129022,-0.0031725,-0.0077732,-0.0030805,0.0043706,0.0146122,0.0178052,0.0009981,-0.0265855,-0.0251271,-0.0016266,-0.016196
NEA_Inland_N:China_Yumin_N,0.018212,-0.427538,0.066373,-0.032946,-0.049548,-0.04016,0.00705,0.012461,0.010022,0.021504,-0.063656,-0.006894,0.002825,0.001101,-0.008143,-0.002387,0.004172,0.002534,0.003017,0.019509,-0.012728,0.000989,-0.017131,-0.002651,0.007305
NEA_Shandong_N:China_NEastAsia_Coastal_EN,0.017358,-0.4399782,0.0274355,-0.057171,0.021004,-0.0011853,0.0045238,0.0021348,-0.0053178,0.006697,-0.0788395,-0.0077182,0.0106662,-0.0059178,-0.008652,-0.004707,0.0032595,0.0047825,0.00198,-0.000469,0.0158468,0.0023185,0.0018178,-0.0035242,-0.007095
SEA_Fujian_N:China_SEastAsia_Island_EN,0.009675,-0.4087505,-0.0511,-0.0363375,0.1120205,0.040997,-0.00329,-0.00773,-0.009408,-0.0088385,0.0369435,0.002623,-0.0068385,0.0028905,0.007736,0.0082205,0.0024775,0.004434,0.0016345,-0.0116305,0.003743,-0.013911,0.0036975,-0.0134355,-0.0332905
Jomon_HG:Japan_HG_Jomon,0.0106994,-0.3460924,-0.0530232,0.012274,0.0379146,0.0152274,-0.002773,-0.0007846,0.0256064,0.0189888,-0.0501782,-0.0083326,0.009098,-0.0063856,-0.0248098,-0.0170508,0.0053458,0.0094006,0.003922,-0.0048774,0.0638872,-0.0453804,0.0078138,0.0122908,-0.0984104
Hoabinhian_HG:Laos_Hoabinhian.SG,-0.030732,-0.222401,-0.121433,0.089148,0.02185,-0.001952,-0.005875,0.015922,0.058085,0.024055,0.016401,0.002398,0.000743,0.002202,-0.0095,-0.005967,-0.002868,-0.007348,-0.004525,0.026012,0.010482,0.013107,-0.013434,0.002892,0.005269
Australasian:Vanuatu_2300BP,-0.042115,-0.227479,-0.232306,0.254525,0.180957,-0.410527,0,0.005538,-0.028633,-0.011663,-0.003248,0.005995,0.001041,-0.000826,-0.002307,-0.001326,-0.003781,-0.005954,-0.006788,0.005378,0.006613,-0.009274,0.001972,-0.001205,-0.008622
West_Africa_Historic:Congo_Kindoki_Protohistoric,-0.622043,0.058901,0.0216845,0.0182495,0.002462,0.0131075,-0.006698,0.0171915,-0.0377345,0.016857,0.00544,-0.0003745,-0.0014865,-0.0046105,-0.0007465,0.008088,-0.008475,-0.003104,-0.0043365,0.005878,0.0042425,-0.001855,0.000616,-0.0045785,0.0019755
East_Africa_HG:Ethiopia_4500BP,-0.517895,0.040621,-0.003017,-0.000646,-0.002154,-0.009761,0.057813,-0.049383,0.089172,-0.084375,-0.013803,-0.014987,-0.036571,-0.001651,0.02348,-0.030628,0.022817,0.041047,0.005279,-0.008629,0.00262,0.001855,-0.006039,0.001205,0.002515
Rainforest_HG:Cameroon_SMA,-0.6075308,0.0553465,0.0153678,0.0260015,-0.002385,0.00251,0.1367175,-0.1052838,0.0087948,-0.001777,0.000812,-0.0306102,-0.023674,-0.000757,0.0041735,-0.0019558,0.008475,0.0187182,-0.0059392,-0.0026888,-0.0018405,-0.0009275,-0.0029272,-0.0018375,-0.0045202
South_Africa_HG:South_Africa_2000BP.SG,-0.644239,0.058901,0.02489,0.034884,-0.001231,-0.004183,0.262977,-0.202838,0.015135,0.014943,0.010393,-0.06759,-0.020961,0.004266,0.025244,-0.018032,0.031814,0.299238,-0.098673,0.005378,-0.030571,-0.002844,-0.00037,-0.003133,-0.002275
