Turkic*(AD*650–1200):Karluk:KAZ_Karluk:DA222__AD_850__Coverage_93.34%,0.064879,-0.158423,0.023004,0.000969,-0.05601,-0.00753,0.00658,0.014999,-0.01493,-0.010934,-0.018188,0.001649,0,-0.004266,0.0076,-0.000928,-0.006519,0.005448,0.01081,0.001501,-0.015473,-0.003586,-0.003328,-0.004579,0.005987
Turkic*(AD*650–1200):Karluk:KAZ_Karluk:DA230__AD_1067__Coverage_63.88%,0.061464,-0.145221,0.011691,-0.002584,-0.037545,0.001673,0.00329,0.009461,-0.01718,-0.009476,-0.021922,-0.003297,0,-0.001101,0.013979,-0.006895,-0.020992,0.002914,0.003771,-0.005378,-0.004492,-0.000742,0.00037,0.000602,0.002155
Turkic*(AD*650–1200):Karluk:KGZ_Chilpek_IA:CHK004__AD_821__Coverage_52.73%,0.062603,-0.122879,0.009805,0.006137,-0.044316,-0.003626,0.01034,0.007384,-0.02168,-0.018588,-0.011854,-0.003897,0.004757,-0.018579,0.015608,0.011933,-0.001304,0.000633,-0.005908,-0.000375,-0.00549,-0.008779,0.004683,0.000964,0.000718
Turkic*(AD*650–1200):Karakhanid:KAZ_Karakhanid:DA203__AD_950__Coverage_40.67%,0.07057,-0.166547,0.022627,-0.001938,-0.045547,-0.009482,0.00846,-0.005307,-0.012885,-0.01385,-0.023222,-0.009442,0.007136,-0.005643,0.007193,0.002121,-0.006128,-0.000507,0.000754,-0.001626,-0.004991,0.002597,-0.005793,-0.003374,-0.00455
Turkic*(AD*650–1200):Karakhanid:KAZ_Karakhanid:DA204__AD_933__Coverage_54.81%,0.068294,-0.155376,0.032055,0.014535,-0.05601,0,0.002585,0.003692,-0.010226,-0.015126,-0.018675,-0.002847,0.001189,-0.016928,0.009365,0.00358,-0.01695,0.000887,0.005028,0.001751,-0.018343,0.003215,-0.00456,-0.006627,-0.007185
Turkic*(AD*650–1200):Karakhanid:KAZ_Karakhanid:DA205,0.05805,-0.199044,0.027907,0.002907,-0.041854,-0.01004,0.00705,0.005307,-0.011862,-0.007472,-0.010555,-0.001199,-0.000446,-0.007156,0.012758,0.007955,0.002086,0.001774,0.000377,0.006003,-0.015348,0.003833,-0.00419,-0.003735,-0.002515
Turkic*(AD*650–1200):Kimak:KAZ_Kimak:DA87__AD_691__Coverage_18.23%,0.080814,-0.140143,0.043746,0.027455,-0.050471,-0.011435,0.00376,0.000462,-0.020043,-0.018224,-0.007632,-0.003147,-0.006244,-0.002064,0.008822,0.007425,-0.019558,0.005448,-0.003142,-0.027013,-0.02533,-0.010387,-0.001479,-0.010363,0.001317
Turkic*(AD*650–1200):Western*Turk*(Onoq*Confederation),0.0739850,-0.1442053,0.0397860,0.0211565,-0.0527020,-0.0067630,0.0071678,0.0074998,-0.0141123,-0.0100685,-0.0107990,-0.0007488,0.0004088,-0.0143818,0.0040715,0.0054030,-0.0065515,-0.0006968,0.0034568,0.0005628,-0.0177188,0.0035860,-0.0108150,0.0008133,-0.0023350
Turkic*(AD*650–1200):Karakaba:Karakaba_KKB001,0.069432,-0.166547,0.050911,0.024871,-0.045855,-0.006972,0.003995,0.005538,-0.016157,-0.006378,-0.013803,-0.002098,0.000743,-0.015827,0.0076,0.015115,0.00326,0.001774,0.002011,0.008754,-0.015722,0.001237,-0.010969,-0.00241,-0.001437
Turkic*(AD*650–1200):Karakaba:Karakaba_KKB002,0.079676,-0.176702,0.058077,0.014535,-0.048624,-0.010319,0.00047,0.002538,-0.01493,-0.006925,-0.016401,0.002997,-0.003271,-0.021744,0.009636,0.009546,0.009518,0.002407,0,0.01088,-0.022086,0.008532,-0.008627,0.005663,-0.007305
Turkic*(AD*650–1200):Chorni*Klobuky:VolgaOka_SHK001,0.073985,-0.182795,0.062979,0.014858,-0.04924,-0.018686,0.001645,0.00923,-0.012271,-0.006378,-0.013803,-0.002847,0.003717,-0.015138,0.002307,-0.006895,-0.009909,0.0019,0.01257,0.009379,-0.022959,0.001978,-0.00493,-0.006989,-0.002395
Turkic*(AD*650–1200):Chorni*Klobuky:VolgaOka_SHK002,0.066017,-0.174671,0.042615,-0.000646,-0.038469,-0.003347,0.007755,0.014769,-0.009613,-0.008383,-0.021922,-0.001499,-0.000297,-0.004817,0.002986,0.011403,-0.00326,0.003294,0.010936,0.012006,-0.018467,-0.003586,-0.016885,0.002048,-0.000599
Turkic*(AD*650–1200):Nomad:KAZ_Nomad_MA:DA126,0.071709,-0.140143,0.029415,0.007752,-0.028928,0.015618,0.016451,0.007384,-0.017794,-0.021322,-0.022085,0.001349,-0.004311,-0.024359,0.013029,-0.000796,0.002086,0.000127,0.005028,-0.000125,-0.009733,0.004451,0.004683,0.003374,-0.00958

Byzantine*Anatolia*(AD*500–1100):Southwest*Anatolian:TUR_Aegean_Mugla_Samantas_Byz:I20259__AD_604__Coverage_74.68%,0.097888,0.148267,-0.025644,-0.054587,0.004001,-0.017012,-0.00423,0.003461,0.000614,0.012939,-0.001949,0.001798,0.002379,-0.000688,-0.014929,0.001061,0.012908,0.002154,0.006913,-0.009129,-0.001872,-0.007543,0.007148,-0.006145,-0.003473
Byzantine*Anatolia*(AD*500–1100):Southwest*Anatolian:TUR_Aegean_Mugla_Samantas_Byz:I20260__AD_604__Coverage_74.22%,0.10927,0.153345,-0.039598,-0.071383,0.004924,-0.029284,-0.01081,-0.008769,0.000614,0.026789,0.00747,0.000899,-0.004608,0.002615,-0.014522,0.006232,0.012908,-0.002534,0.007039,-0.001751,-0.00574,-0.007543,0.000246,-0.005543,0.002634
Byzantine*Anatolia*(AD*500–1100):Southwest*Anatolian:TUR_Aegean_Mugla_Samantas_Byz:I20261__AD_604__Coverage_24.66%,0.100164,0.147252,-0.046009,-0.071706,-0.000923,-0.031515,-0.003055,-0.003692,-0.008999,0.014579,0.004384,-0.002248,-0.003865,-0.006468,-0.021987,0.011403,0.018906,0.000253,0.002263,-0.006503,0.000624,-0.000618,-0.00493,-0.011809,-0.00958
Byzantine*Anatolia*(AD*500–1100):Southwest*Anatolian:TUR_Aegean_Mugla_Samantas_Byz:I20264__AD_604__Coverage_72.31%,0.113823,0.151314,-0.029793,-0.055233,0.010156,-0.023148,-0.000235,-0.007615,0.002659,0.01877,0.008769,0.005395,-0.005352,0.005643,-0.013301,-0.013657,-0.003781,0.001647,-0.002388,-0.00963,-0.006613,0.001978,-0.009244,-0.006386,-0.004071
Byzantine*Anatolia*(AD*500–1100):Southwest*Anatolian:TUR_Aegean_Mugla_Samantas_Byz:I20265__AD_604__Coverage_72.37%,0.103579,0.155376,-0.020742,-0.060401,0,-0.023985,-0.0047,-0.008538,0.001841,0.026424,0.001461,0,-0.005054,0.003028,-0.01045,-0.007027,0.007041,0.000887,0.006536,-0.006878,-0.000873,0.000618,-0.005546,-0.000241,-0.005628
Byzantine*Anatolia*(AD*500–1100):Southwest*Anatolian:TUR_Aegean_Mugla_Samantas_Byz:I20266__AD_604__Coverage_70.09%,0.106994,0.147252,-0.025644,-0.05491,0.003077,-0.024542,0.002115,-0.006923,-0.010431,0.021686,0.013478,0.001049,-0.00773,0.003578,-0.014251,-0.003315,0.011604,-0.000633,0.005531,-0.00025,-0.007861,0.002226,0.005053,0.002892,-0.006826
Byzantine*Anatolia*(AD*500–1100):Southwest*Anatolian:TUR_Aegean_Mugla_Samantas_Byz:I20320__AD_604__Coverage_23.23%,0.097888,0.152329,-0.034695,-0.068799,-0.000923,-0.02259,0.005405,-0.013615,-0.004909,0.018224,-0.005359,0.007793,-0.011744,0.01101,-0.005293,0.014054,0.021383,-0.000127,0.008296,-0.006253,-0.004866,0.001484,0.004067,-0.002048,0.002634
Byzantine*Anatolia*(AD*500–1100):Southwest*Anatolian:TUR_Aegean_Mugla_Stratonikeia_Byz:I19539__AD_975__Coverage_48.21%,0.100164,0.141159,-0.034695,-0.063308,-0.003693,-0.03263,-0.003995,0.004154,-0.00859,0.013668,0.004384,0.003747,-0.00773,0.007294,-0.015336,-0.014452,-0.008084,0.001394,0.002011,-0.016383,-0.013351,-0.00371,-0.000246,0.000241,0.005987
Byzantine*Anatolia*(AD*500–1100):Southwest*Anatolian:TUR_Aegean_Mugla_Stratonikeia_Byz:I20140__AD_1100__Coverage_58.63%,0.10927,0.145221,-0.032809,-0.062016,-0.006463,-0.017849,-0.00141,-0.004154,-0.012271,0.019681,-0.00065,0,-0.001933,0.003303,-0.016829,0.001856,0.009909,0.005068,0.008673,-0.006753,-0.008111,-0.001855,-0.001109,0.003494,-0.001557
Byzantine*Anatolia*(AD*500–1100):Southwest*Anatolian:TUR_Aegean_Mugla_Stratonikeia_Byz:I20141__AD_1100__Coverage_68.25%,0.103579,0.147252,-0.03017,-0.054264,-0.002462,-0.015339,0.00094,-0.003,-0.007567,0.021139,-0.004547,0.003747,-0.009217,0.005918,-0.006786,-0.000796,0.006258,-0.002914,0.008296,0.001376,-0.011605,0.002473,0.004807,0.000361,-0.002754
Byzantine*Anatolia*(AD*500–1100):Southwest*Anatolian:TUR_Aegean_Mugla_Stratonikeia_Byz:I20142__AD_975__Coverage_45.57%,0.100164,0.145221,-0.039221,-0.066861,0.000308,-0.018965,-0.0047,-0.011769,-0.012271,0.019317,0.006658,0.008992,-0.012487,0.002615,-0.013436,0.018032,0.029858,0.000887,0.007668,-0.002501,0.00287,0.00507,0.004683,0.006025,-0.005987
Byzantine*Anatolia*(AD*500–1100):Southwest*Anatolian:TUR_Aegean_Mugla_Stratonikeia_Byz:I20143__AD_975__Coverage_45.43%,0.104717,0.147252,-0.037335,-0.060078,-0.010156,-0.025937,0.005405,-0.004615,-0.016566,0.012574,0.004709,0.008093,-0.009068,0.001651,-0.0057,0.014983,0.021513,-0.002154,-0.000503,0.008379,0.004617,-0.000742,-0.002588,0.005061,-0.006586
Byzantine*Anatolia*(AD*500–1100):Southwest*Anatolian:TUR_Aegean_Mugla_Stratonikeia_Byz:I20144__AD_975__Coverage_30.46%,0.105855,0.140143,-0.025644,-0.061047,-0.004924,-0.022311,0.000235,0.011307,0.002659,0.012939,-0.001137,0.00015,0.008771,-0.00234,-0.016558,-0.018563,-0.007823,-0.004687,0.004777,-0.005378,-0.008859,-0.002597,-0.000493,-0.007109,-0.006466
Byzantine*Anatolia*(AD*500–1100):Southwest*Anatolian:TUR_Aegean_Mugla_Stratonikeia_Byz:I20145__AD_975__Coverage_71.33%,0.097888,0.150298,-0.030547,-0.058463,-0.005232,-0.02259,0.00188,-0.003231,-0.008999,0.012574,0.006658,-0.009292,0.001189,0.00055,-0.014115,0.006099,0.011604,-0.003167,0.006034,0.002751,-0.006738,0.004699,-0.007148,-0.000964,0.000359
Byzantine*Anatolia*(AD*500–1100):Southwest*Anatolian:TUR_Aegean_Mugla_Stratonikeia_Byz:I20146__AD_975__Coverage_78.15%,0.102441,0.150298,-0.029793,-0.06137,0.00277,-0.027331,-0.00047,-0.005769,-0.001227,0.018953,-0.001949,0.000749,-0.00223,0.003303,-0.010315,0.006895,0.017732,-0.001014,0.002011,0.00075,-0.006364,-0.005317,-0.000246,0.002289,-0.002155
Byzantine*Anatolia*(AD*500–1100):Southwest*Anatolian:TUR_Aegean_Mugla_Stratonikeia_Byz:I20147__AD_975__Coverage_63.31%,0.092197,0.149283,-0.023004,-0.059432,0.004308,-0.018407,-0.005875,-0.013384,-0.001636,0.022051,0.008444,0.006594,-0.003717,0.012386,-0.013436,-0.001591,0.009909,-0.004814,-0.004022,0.003252,-0.003993,0.006059,-0.002588,-0.001928,-0.001317
Byzantine*Anatolia*(AD*500–1100):Southwest*Anatolian:TUR_Aegean_Mugla_Stratonikeia_Byz:I20187__AD_975__Coverage_73.79%,0.111547,0.148267,-0.013199,-0.053295,0.013233,-0.021753,-0.000705,-0.010153,0.00409,0.014214,0.007307,0.001499,-0.002676,-0.008945,-0.015744,0.003845,0.009257,-0.000253,0.007542,-0.007629,-0.009109,-0.001484,0.000863,0.009399,0.000838
Byzantine*Anatolia*(AD*500–1100):Southwest*Anatolian:TUR_Aegean_Mugla_Stratonikeia_Byz:I20574__AD_975__Coverage_75.27%,0.108132,0.147252,-0.028284,-0.063308,0.000308,-0.017291,0.000235,-0.000462,-0.007363,0.014943,0.008282,0.002698,-0.002081,0.000413,-0.019679,-0.000928,0.008475,-0.00228,-0.000628,0.004877,0.000998,0.007296,-0.005546,-0.001084,-0.003113
Byzantine*Anatolia*(AD*500–1100):Northwest*Anatolian:TUR_Marmara_Balikesir_Byz:I14820__AD_1560__Coverage_70.87%,0.106994,0.146236,-0.021119,-0.050711,0.001539,-0.014223,0.00329,0.002769,-0.007772,0.018041,0.000325,0.008692,-0.003271,0.014588,-0.012893,-0.015115,-0.010561,-0.0019,-0.004274,-0.00988,-0.003868,0.000124,-0.004067,-0.010242,0.000239
Byzantine*Anatolia*(AD*500–1100):Northwest*Anatolian:TUR_Marmara_Balikesir_Byz:I14824__AD_494__Coverage_69.25%,0.097888,0.145221,-0.028284,-0.063308,0.006155,-0.031515,0.00376,-0.007846,-0.009817,0.014943,0.007632,-0.001499,-0.001933,-0.00289,-0.008686,-0.009016,-0.000782,-0.002534,0.003645,-0.007128,0.001123,-0.005317,0.000616,0.001325,0.000958
Byzantine*Anatolia*(AD*500–1100):Northwest*Anatolian:TUR_Marmara_Ilipinar_Byz2:I10546__AD_700__Coverage_44.30%,0.117238,0.145221,-0.02489,-0.076874,0.000923,-0.022032,0.00564,-0.011999,-0.003477,0.027518,0.020136,0.009591,-0.013379,0.002477,-0.021037,-0.017237,-0.002477,0.008235,0.00264,-0.015007,0.001497,0.018053,-0.012941,-0.002892,0.003353
Byzantine*Anatolia*(AD*500–1100):Northwest*Anatolian:TUR_Marmara_Iznik_Basilica_RomByz_A:I8366__AD_600__Coverage_71.10%,0.121791,0.155376,-0.030924,-0.07106,0.007078,-0.027052,-0.003055,-0.002308,-0.001841,0.029158,0.014777,0.013638,-0.02334,0.001651,-0.022937,-0.005304,0.008345,0.004181,0.005908,-0.008004,-0.006613,0.007543,-0.003328,-0.000361,-0.006945
Byzantine*Anatolia*(AD*500–1100):Northwest*Anatolian:TUR_Marmara_Iznik_Basilica_RomByz_A:I8367__AD_600__Coverage_45.31%,0.122929,0.15436,-0.039975,-0.070091,0.008925,-0.029284,0.0047,-0.003692,-0.005113,0.017312,0.007307,0.008093,-0.00223,0.000963,-0.023208,0.006629,0.005607,0.007601,0.003771,-0.004502,-0.006988,0.00272,0.001972,0.004217,-0.003473
Byzantine*Anatolia*(AD*500–1100):Northwest*Anatolian:TUR_Marmara_Iznik_Basilica_RomByz_A:I8368__AD_600__Coverage_23.03%,0.110408,0.151314,-0.029793,-0.068799,0.004924,-0.024263,-0.000235,-0.00923,-0.001227,0.029704,-0.005846,-0.001948,-0.012636,-0.00055,-0.0095,-0.009812,0.015776,-0.004814,0.004148,-0.009004,-0.009483,0.011005,-0.008134,-0.00494,-0.007065
Byzantine*Anatolia*(AD*500–1100):Northwest*Anatolian:TUR_Marmara_Iznik_Basilica_RomByz_A:I8370__AD_600__Coverage_47.71%,0.113823,0.160454,-0.03017,-0.069445,0.003385,-0.024263,0.00094,-0.009923,-0.008385,0.016401,0.006008,0.004646,-0.019921,0.008945,-0.018187,-0.027446,-0.01004,0.005068,0.016592,-0.008254,-0.00549,0.012736,0,0.000482,0.001078
Byzantine*Anatolia*(AD*500–1100):Northwest*Anatolian:TUR_Marmara_Iznik_Basilica_RomByz_A:I8371__AD_600__Coverage_71.98%,0.104717,0.155376,-0.040729,-0.076228,-0.000308,-0.029284,0.000705,-0.00923,-0.008385,0.014397,0.000974,0.003897,-0.00446,0.00578,-0.014251,-0.015115,-0.007562,0.000507,0.003268,-0.006253,-0.005241,0.000247,-0.005423,-0.000241,-0.005389
Byzantine*Anatolia*(AD*500–1100):Northwest*Anatolian:TUR_Marmara_Iznik_Basilica_RomByz_A:I8373__AD_600__Coverage_56.24%,0.111547,0.153345,-0.026776,-0.055879,0.001846,-0.027331,-0.002585,-0.010846,-0.0045,0.030433,0.00715,-0.0003,-0.004311,0.00289,-0.019815,-0.021612,-0.012256,0.001774,0.003142,-0.007128,-0.005241,0.008161,0.001356,-0.000361,0.002395
Byzantine*Anatolia*(AD*500–1100):Northwest*Anatolian:TUR_Marmara_Iznik_Basilica_RomByz_A:I14799__AD_375__Coverage_52.66%,0.114961,0.142174,-0.031678,-0.064923,-0.004001,-0.027889,0.006815,-0.007846,-0.009817,0.024784,0.006008,-0.001199,-0.009663,0.003991,-0.014929,-0.014452,-0.002217,0.010262,-0.00264,-0.011756,-0.003494,-0.000247,-0.001479,-0.008435,0.006347
Byzantine*Anatolia*(AD*500–1100):Northwest*Anatolian:TUR_Marmara_Iznik_Y.kapi_Byz:I14833__AD_550__Coverage_41.44%,0.114961,0.144205,-0.024513,-0.062339,0.008309,-0.0251,0.00141,-0.008307,-0.012067,0.021868,-0.005359,0.013038,-0.0055,0.006193,-0.02348,-0.007425,-0.006389,-0.001647,0.01345,-0.003126,-0.003244,0.003091,0.007272,0.005302,0.006347
Byzantine*Anatolia*(AD*500–1100):Northwest*Anatolian:TUR_Marmara_Iznik_Y.kapi_Byz:I14839__AD_484__Coverage_72.40%,0.100164,0.156392,-0.043746,-0.070414,-0.012002,-0.028168,0.00376,-0.000923,-0.001841,0.015308,0.009094,-0.001349,0.000297,0.001789,-0.015336,0.015248,0.016428,0.005701,0.005531,-0.003752,0.000749,0.005812,-0.003451,0.003494,-0.003113
Byzantine*Anatolia*(AD*500–1100):Northwest*Anatolian:TUR_Marmara_Iznik_Y.kapi_Byz:I14842__AD_550__Coverage_66.01%,0.112685,0.153345,-0.027153,-0.062662,0.004924,-0.030678,0.000705,-0.006,-0.001227,0.027335,0.000162,0.000899,-0.011298,0.002752,-0.019815,-0.020419,-0.014473,-0.002154,0.006788,-0.004752,-0.006364,0.000742,-0.00949,-0.005181,-0.005748
Byzantine*Anatolia*(AD*500–1100):Northwest*Anatolian:TUR_Marmara_Iznik_Y.kapi_Byz:I14843__AD_550__Coverage_66.66%,0.100164,0.149283,-0.023759,-0.065892,0.005232,-0.02259,-0.00658,-0.006,0.000818,0.025878,0.005359,0.006594,-0.004311,-0.005367,-0.013979,0.01127,0.024773,-0.002027,0.005028,-0.005878,-0.004991,0.000618,0.002711,0.006989,-0.003233
Byzantine*Anatolia*(AD*500–1100):Cappadocian:Greek_Cappadocia:654,0.104717,0.142174,-0.047517,-0.065246,-0.013849,-0.019243,-0.007755,-0.000692,-0.005931,0.015126,0.005359,0.003597,0.00223,0.006055,-0.004614,-0.003978,-0.008214,0.00152,0.009427,-0.009004,0.002246,0.009274,-0.008504,0.000843,0.005149
Byzantine*Anatolia*(AD*500–1100):Cappadocian:Greek_Cappadocia:655,0.118376,0.14319,-0.041106,-0.071383,-0.016003,-0.013108,0.003055,-0.006,-0.021884,0.008747,0.003248,0.007493,0,0.009771,-0.012893,-0.004773,0.007823,0.003674,0.007542,-0.00025,0.012353,0.000371,-0.006532,-0.00723,-0.002155
Byzantine*Anatolia*(AD*500–1100):Cappadocian:Greek_Cappadocia:661,0.110408,0.14319,-0.038089,-0.062016,-0.011387,-0.013387,0.004465,-0.005769,-0.016157,0.01057,-0.003573,-3e-04,-0.00892,-0.000963,-0.00665,-0.00411,0.002868,0.002027,0.012947,-0.002876,-0.000998,0.008037,-0.003451,0.005181,-0.000599
Byzantine*Anatolia*(AD*500–1100):Cappadocian:Greek_Cappadocia:662,0.108132,0.138112,-0.034695,-0.062339,-0.018773,-0.022311,0.002115,-0.003461,-0.017385,0.010205,0.008769,0.000599,-0.000446,0.007019,-0.013979,-0.004243,-0.006258,-0.00228,0.005531,-0.004502,-0.000499,0.004822,-0.002218,-0.004097,0.005389
Byzantine*Anatolia*(AD*500–1100):Cappadocian:Greek_Central_Anatolia:G2501,0.111547,0.149283,-0.038466,-0.068153,-0.01908,-0.018686,0.00987,-0.003692,-0.024134,0.010023,0.008444,0.007044,-0.008622,0.003441,-0.006243,-0.000265,0.001043,0.00228,0.006788,-0.004377,0.000624,0.007543,-0.001356,-0.00482,-0.002395
Byzantine*Anatolia*(AD*500–1100):Cappadocian:Greek_Central_Anatolia:G2502,0.110408,0.142174,-0.040729,-0.053941,-0.008309,-0.018407,-0.00047,-0.002769,-0.013908,0.011299,-0.001949,0.006444,-0.00892,0.004817,-0.012622,0.004641,0.014212,0.008108,0.006788,0.000375,0.007986,0.008161,0.001109,0.001566,-0.000479
Byzantine*Anatolia*(AD*500–1100):Cappadocian:Greek_Central_Anatolia:G2503,0.108132,0.141159,-0.032432,-0.055556,-0.012618,-0.023148,0,-0.002538,-0.020861,0.013303,0.009581,0.001349,-0.003122,0.006744,-0.014251,-0.001193,0.01369,-0.002914,-0.000126,-0.003877,-0.001248,-0.001731,-0.000616,0.002169,0.000718
Byzantine*Anatolia*(AD*500–1100):Central*Anatolian:TUR_Bogazkoy_Roman:BOG020__AD_160,0.106994,0.155376,-0.043369,-0.072352,-0.004616,-0.017291,-0.003995,-0.007154,-0.012885,0.019864,0.010068,0.002398,-0.01219,0.002615,-0.019137,-0.008088,0.004824,-0.006334,0.002765,-0.004627,0.002496,-0.003091,-0.002218,-0.001084,-0.005508
Byzantine*Anatolia*(AD*500–1100):Central*Anatolian:TUR_Bogazkoy_Roman:BOG024__AD_160,0.105855,0.150298,-0.041106,-0.064923,-0.013233,-0.021196,0.000235,-0.005077,-0.000818,0.025878,-0.001461,0.001349,-0.020961,0.014588,-0.007057,-0.00053,0.004955,0.00076,0.000754,-0.006003,-0.004367,0.001978,-0.002465,0.005061,-0.003592
 
East_Anatolia_And_South_Caucasus:Armenian,0.10256335,0.13958066,-0.056109723,-0.064510554,-0.0261302,-0.017685954,0.0036768615,-0.0063795846,-0.025578046,-0.00065609231,0.0033326769,0.0014756,-0.0019165846,0.0020114462,-0.0070553538,0.00015704615,0.0034180308,0.0014482154,0.0022799692,-0.0021625538,0.0013284308,0.0019708308,-0.00083246154,-0.00064509231,0.00094509231
East_Anatolia_And_South_Caucasus:Armenian_Erzurum,0.106804,0.1384505,-0.057133833,-0.0621775,-0.027389667,-0.018267167,0.0034858333,-0.0033843333,-0.030064833,-0.00571,0.0044386667,-0.00014966667,-0.0010158333,0.002156,-0.0042073333,0.00086183333,-0.0019121667,0.0020693333,0.00027233333,-0.0007715,0.0016638333,0.0028853333,0.00043166667,-0.00058233333,0.000878
East_Anatolia_And_South_Caucasus:Armenian_Hemsheni,0.10731871,0.13738657,-0.058345857,-0.060354857,-0.034819429,-0.015339143,0.007151,-0.0074172857,-0.046076286,-0.0057274286,0.0027377143,0.0070222857,-0.012444857,0.00096314286,-0.0083758571,-0.0077471429,0.0090895714,-0.00021714286,-0.0021367143,0.0045914286,0.0057397143,0.0038685714,-0.0030461429,-0.0063345714,0.00073557143
East_Anatolia_And_South_Caucasus:Armenian_Kars,0.105855,0.136081,-0.062602,-0.062985,-0.034468,-0.021753,-0.000705,-0.011307,-0.030679,-0.004009,0.006983,0.002847,-0.010406,0.003165,0.003529,-0.003182,-0.014864,0.003927,0.004274,-0.006378,0.002745,-0.005317,-0.003697,-0.001687,0.000599
East_Anatolia_And_South_Caucasus:Armenian_Syunik,0.10492409,0.134696,-0.053688182,-0.051973636,-0.031810091,-0.010800727,0.00376,-0.0055801818,-0.032296273,-0.0070576364,0.0026573636,0.0041825455,-0.0033380909,0.0041910909,-0.001678,-0.00077145455,-0.0032835455,0.0021420909,0.0018511818,-0.0028878182,0.0032444545,-0.00026972727,-0.0013893636,0.0010954545,0.00014145455
East_Anatolia_And_South_Caucasus:Armenian_Yerevan,0.10338917,0.13574233,-0.059711,-0.0621775,-0.029185,-0.0164545,0.0045041667,-0.007269,-0.031121667,-0.0032496667,0.0026793333,0.0010488333,-0.0033945,0.0030506667,-0.0073741667,-0.00019866667,0.0020645,0.0019846667,0.0026396667,-0.00091716667,0.0012688333,0.0015868333,-0.0016228333,-0.0001605,0.0056678333
East_Anatolia_And_South_Caucasus:Georgian_Adjarian,0.110029,0.136081,-0.059208,-0.050818667,-0.040212667,-0.012085333,0.0067366667,-0.0083843333,-0.057812,-0.016036667,-0.001678,0.008692,-0.022249333,0.0040826667,-4.5E-05,-0.017899667,0.012603667,-0.005152,-0.0068713333,0.015382333,0.0086926667,0.0059763333,0.000945,-0.0094793333,0.0021153333
East_Anatolia_And_South_Caucasus:Georgian_Imeretian,0.1098393,0.1341514,-0.0608673,-0.0474487,-0.0385917,-0.0086178,0.0118211,-0.0062306,-0.0633613,-0.0185882,-0.0007469,0.0113599,-0.0254804,0.0059314,0.003841,-0.0239325,0.0072884,-0.0053717,-0.0101815,0.0153949,0.0138255,0.001657,0.0015406,-0.0076636,-0.0013892
East_Anatolia_And_South_Caucasus:Georgian_Kakhetian,0.1063108,0.1322218,-0.0564174,-0.0463182,-0.0368068,-0.010542,0.006768,-0.0040614,-0.0511716,-0.0162918,0.0026956,0.0086022,-0.0136472,0.000853,-0.0016286,-0.0054892,0.01356,-0.0028378,-0.0048772,0.008954,0.0078362,0.0019538,-0.0002218,-0.0069406,-0.0002634
East_Anatolia_And_South_Caucasus:Georgian_Kartlian,0.10737283,0.130157,-0.053676833,-0.043174333,-0.038212333,-0.0050665,0.0055616667,-0.0067305,-0.049971833,-0.016188833,0.001705,0.007793,-0.017021833,0.0048625,0.0016963333,-0.0155795,0.0020425,-0.002766,-0.0052165,0.0078578333,0.0071541667,0.0037715,-0.0002465,-0.001406,-0.00045916667
East_Anatolia_And_South_Caucasus:Georgian_Khevsurian,0.11240025,0.12389475,-0.0435575,-0.023579,-0.0400075,0.000976,0.0084015,-0.0036345,-0.055426,-0.024875,0.0026795,0.0090295,-0.0156095,-0.00175475,0.00732875,-0.00941375,0.00603025,-0.004244,-0.00694475,0.01047375,0.0072375,-0.00012375,0.00209525,0.004217,5.975E-05
East_Anatolia_And_South_Caucasus:Georgian_Meskhian,0.1063106,0.1338468,-0.0571714,-0.0576232,-0.030221,-0.0159526,0.0072382,-0.0053074,-0.0351782,-0.0051026,0.003605,0.0014986,-0.0069276,-0.0013212,-0.0068944,0.0065234,0.0123344,-0.0004054,0.002866,-0.0001252,0.0009732,-0.001731,0.0040672,0.001711,-0.0007424
East_Anatolia_And_South_Caucasus:Greek_Pontus,0.10885079,0.14131895,-0.055297684,-0.063495,-0.024814263,-0.018039737,0.0060606316,-0.0043965789,-0.037255579,-0.001477,0.0035982632,0.005553,-0.012534368,0.0070114211,-0.0096576316,-0.011514368,0.0053525789,-0.0012735263,-0.0016274211,0.0013955263,0.0031457895,0.0022257895,-0.0015567895,-0.0048198947,-0.00064915789
